address_id	address	address2	district	city_id	postal_code	phone	last_update
81	1692 Ede Loop	\N	 	30	9223	 	2006-02-15 04:45:30
600	1837 Kaduna Parkway	\N	 	241	82580	 	2006-02-15 04:45:30
144	1666 Beni-Mellal Place	\N	 	123	13377	 	2006-02-15 04:45:30
488	698 Jelets Boulevard	\N	 	142	2596	 	2006-02-15 04:45:30
399	331 Bydgoszcz Parkway	\N	 	181	966	 	2006-02-15 04:45:30
149	999 Sanaa Loop	\N	 	491	3439	 	2006-02-15 04:45:30
135	1752 So Leopoldo Parkway	\N	 	345	14014	 	2006-02-15 04:45:30
311	715 So Bernardo do Campo Lane	\N	 	507	84804	 	2006-02-15 04:45:30
489	1297 Alvorada Parkway	\N	 	587	11839	 	2006-02-15 04:45:30
115	1378 Alvorada Avenue	\N	 	102	75834	 	2006-02-15 04:45:30
367	1163 London Parkway	\N	 	66	6066	 	2006-02-15 04:45:30
355	469 Nakhon Sawan Street	\N	 	531	58866	 	2006-02-15 04:45:30
189	927 Barcelona Street	\N	 	467	65121	 	2006-02-15 04:45:30
479	1854 Okara Boulevard	\N	 	158	42123	 	2006-02-15 04:45:30
126	1175 Tanauan Way	\N	 	305	64615	 	2006-02-15 04:45:30
509	786 Matsue Way	\N	 	245	37469	 	2006-02-15 04:45:30
332	663 Baha Blanca Parkway	\N	 	5	33463	 	2006-02-15 04:45:30
61	943 Tokat Street	\N	 	560	45428	 	2006-02-15 04:45:30
407	1346 Mysore Drive	\N	 	92	61507	 	2006-02-15 04:45:30
116	793 Cam Ranh Avenue	\N	 	292	87057	 	2006-02-15 04:45:30
45	42 Brindisi Place	\N	 	586	16744	 	2006-02-15 04:45:30
553	1421 Quilmes Lane	\N	 	260	19151	 	2006-02-15 04:45:30
231	430 Alessandria Loop	\N	 	439	47446	 	2006-02-15 04:45:30
228	60 Poos de Caldas Street	\N	 	243	82338	 	2006-02-15 04:45:30
572	539 Hami Way	\N	 	538	52196	 	2006-02-15 04:45:30
508	496 Celaya Drive	\N	 	552	90797	 	2006-02-15 04:45:30
568	1342 Sharja Way	\N	 	488	93655	 	2006-02-15 04:45:30
513	758 Korolev Parkway	\N	 	568	75474	 	2006-02-15 04:45:30
273	1519 Ilorin Place	\N	 	395	49298	 	2006-02-15 04:45:30
5	1913 Hanoi Way	\N	 	463	35200	 	2006-02-15 04:45:30
569	1342 Abha Boulevard	\N	 	95	10714	 	2006-02-15 04:45:30
478	1078 Stara Zagora Drive	\N	 	301	69221	 	2006-02-15 04:45:30
599	1895 Zhezqazghan Drive	\N	 	177	36693	 	2006-02-15 04:45:30
263	532 Toulon Street	\N	 	460	69517	 	2006-02-15 04:45:30
243	47 Syktyvkar Lane	\N	 	118	22236	 	2006-02-15 04:45:30
319	1957 Yantai Lane	\N	 	490	59255	 	2006-02-15 04:45:30
410	88 Nagaon Manor	\N	 	524	86868	 	2006-02-15 04:45:30
409	1266 Laredo Parkway	\N	 	380	7664	 	2006-02-15 04:45:30
539	1332 Gaziantep Lane	\N	 	80	22813	 	2006-02-15 04:45:30
437	1766 Almirante Brown Street	\N	 	364	63104	 	2006-02-15 04:45:30
239	98 Stara Zagora Boulevard	\N	 	96	76448	 	2006-02-15 04:45:30
392	514 Ife Way	\N	 	315	69973	 	2006-02-15 04:45:30
322	1359 Zhoushan Parkway	\N	 	545	29763	 	2006-02-15 04:45:30
142	1587 Sullana Lane	\N	 	207	85769	 	2006-02-15 04:45:30
590	247 Jining Parkway	\N	 	54	53446	 	2006-02-15 04:45:30
1	47 MySakila Drive	\N	 	300	\N	 	2006-02-15 04:45:30
444	231 Kaliningrad Place	\N	 	70	57833	 	2006-02-15 04:45:30
335	587 Benguela Manor	\N	 	42	91590	 	2006-02-15 04:45:30
465	734 Tanshui Avenue	\N	 	170	70664	 	2006-02-15 04:45:30
435	740 Udaipur Lane	\N	 	150	33505	 	2006-02-15 04:45:30
348	785 Vaduz Street	\N	 	335	36170	 	2006-02-15 04:45:30
517	548 Uruapan Street	\N	 	312	35653	 	2006-02-15 04:45:30
285	1006 Santa Brbara dOeste Manor	\N	 	389	36229	 	2006-02-15 04:45:30
226	810 Palghat (Palakkad) Boulevard	\N	 	235	73431	 	2006-02-15 04:45:30
321	651 Pathankot Loop	\N	 	336	59811	 	2006-02-15 04:45:30
320	1542 Lubumbashi Boulevard	\N	 	57	62472	 	2006-02-15 04:45:30
483	632 Usolje-Sibirskoje Parkway	\N	 	36	73085	 	2006-02-15 04:45:30
552	390 Wroclaw Way	\N	 	462	5753	 	2006-02-15 04:45:30
500	362 Rajkot Lane	\N	 	47	98030	 	2006-02-15 04:45:30
339	503 Sogamoso Loop	\N	 	505	49812	 	2006-02-15 04:45:30
398	954 Lapu-Lapu Way	\N	 	278	8816	 	2006-02-15 04:45:30
438	596 Huixquilucan Place	\N	 	351	65892	 	2006-02-15 04:45:30
140	788 Atinsk Street	\N	 	211	81691	 	2006-02-15 04:45:30
98	152 Kitwe Parkway	\N	 	82	53182	 	2006-02-15 04:45:30
102	669 Firozabad Loop	\N	 	12	92265	 	2006-02-15 04:45:30
419	397 Sunnyvale Avenue	\N	 	19	55566	 	2006-02-15 04:45:30
49	1718 Valencia Street	\N	 	27	37359	 	2006-02-15 04:45:30
336	430 Kumbakonam Drive	\N	 	457	28814	 	2006-02-15 04:45:30
232	754 Valencia Place	\N	 	406	87911	 	2006-02-15 04:45:30
11	900 Santiago de Compostela Parkway	\N	 	280	93896	 	2006-02-15 04:45:30
555	1764 Jalib al-Shuyukh Parkway	\N	 	459	77642	 	2006-02-15 04:45:30
429	1269 Botosani Manor	\N	 	468	47394	 	2006-02-15 04:45:30
510	48 Maracabo Place	\N	 	519	1570	 	2006-02-15 04:45:30
233	356 Olomouc Manor	\N	 	26	93323	 	2006-02-15 04:45:30
414	1936 Lapu-Lapu Parkway	\N	 	141	7122	 	2006-02-15 04:45:30
359	519 Nyeri Manor	\N	 	461	37650	 	2006-02-15 04:45:30
78	1206 Dos Quebradas Place	\N	 	431	20207	 	2006-02-15 04:45:30
64	81 Hodeida Way	\N	 	231	55561	 	2006-02-15 04:45:30
566	1229 Varanasi (Benares) Manor	\N	 	43	40195	 	2006-02-15 04:45:30
554	947 Trshavn Place	\N	 	528	841	 	2006-02-15 04:45:30
277	85 San Felipe de Puerto Plata Drive	\N	 	584	46063	 	2006-02-15 04:45:30
604	1331 Usak Boulevard	\N	 	296	61960	 	2006-02-15 04:45:30
340	507 Smolensk Loop	\N	 	492	22971	 	2006-02-15 04:45:30
107	1177 Jelets Way	\N	 	220	3305	 	2006-02-15 04:45:30
41	1440 Fukuyama Loop	\N	 	362	47929	 	2006-02-15 04:45:30
351	1157 Nyeri Loop	\N	 	320	56380	 	2006-02-15 04:45:30
418	126 Acua Parkway	\N	 	71	58888	 	2006-02-15 04:45:30
540	949 Allende Lane	\N	 	24	67521	 	2006-02-15 04:45:30
385	1642 Charlotte Amalie Drive	\N	 	549	75442	 	2006-02-15 04:45:30
421	966 Arecibo Loop	\N	 	134	94018	 	2006-02-15 04:45:30
328	479 San Felipe del Progreso Avenue	\N	 	130	54949	 	2006-02-15 04:45:30
532	1427 Tabuk Place	\N	 	101	31342	 	2006-02-15 04:45:30
526	617 Klerksdorp Place	\N	 	366	94707	 	2006-02-15 04:45:30
595	1074 Sanaa Parkway	\N	 	311	22474	 	2006-02-15 04:45:30
152	1952 Pune Lane	\N	 	442	92150	 	2006-02-15 04:45:30
525	1949 Sanya Street	\N	 	224	61244	 	2006-02-15 04:45:30
550	1715 Okayama Street	\N	 	485	55676	 	2006-02-15 04:45:30
578	1405 Hagonoy Avenue	\N	 	133	86587	 	2006-02-15 04:45:30
470	1088 Ibirit Place	\N	 	595	88502	 	2006-02-15 04:45:30
265	1158 Mandi Bahauddin Parkway	\N	 	136	98484	 	2006-02-15 04:45:30
29	934 San Felipe de Puerto Plata Street	\N	 	472	99780	 	2006-02-15 04:45:30
123	1987 Coacalco de Berriozbal Loop	\N	 	476	96065	 	2006-02-15 04:45:30
458	138 Caracas Boulevard	\N	 	326	16790	 	2006-02-15 04:45:30
303	898 Jining Lane	\N	 	387	40070	 	2006-02-15 04:45:30
178	1848 Salala Boulevard	\N	 	373	25220	 	2006-02-15 04:45:30
567	1894 Boa Vista Way	\N	 	178	77464	 	2006-02-15 04:45:30
463	935 Aden Boulevard	\N	 	532	64709	 	2006-02-15 04:45:30
89	1557 Ktahya Boulevard	\N	 	88	88002	 	2006-02-15 04:45:30
451	1704 Tambaram Manor	\N	 	554	2834	 	2006-02-15 04:45:30
365	1009 Zanzibar Lane	\N	 	32	64875	 	2006-02-15 04:45:30
136	898 Belm Manor	\N	 	87	49757	 	2006-02-15 04:45:30
224	1842 Luzinia Boulevard	\N	 	593	94420	 	2006-02-15 04:45:30
307	1908 Gaziantep Place	\N	 	536	58979	 	2006-02-15 04:45:30
427	1557 Cape Coral Parkway	\N	 	293	46875	 	2006-02-15 04:45:30
242	1964 Gijn Manor	\N	 	473	14408	 	2006-02-15 04:45:30
432	259 Ipoh Drive	\N	 	189	64964	 	2006-02-15 04:45:30
148	1027 Songkhla Manor	\N	 	340	30861	 	2006-02-15 04:45:30
283	457 Tongliao Loop	\N	 	222	56254	 	2006-02-15 04:45:30
598	42 Fontana Avenue	\N	 	512	14684	 	2006-02-15 04:45:30
397	614 Pak Kret Street	\N	 	6	27796	 	2006-02-15 04:45:30
318	1774 Yaound Place	\N	 	166	91400	 	2006-02-15 04:45:30
171	1540 Wroclaw Drive	\N	 	107	62686	 	2006-02-15 04:45:30
268	1831 Nam Dinh Loop	\N	 	323	51990	 	2006-02-15 04:45:30
52	909 Garland Manor	\N	 	367	69367	 	2006-02-15 04:45:30
55	1135 Izumisano Parkway	\N	 	171	48150	 	2006-02-15 04:45:30
453	319 Springs Loop	\N	 	160	99552	 	2006-02-15 04:45:30
417	791 Salinas Street	\N	 	208	40509	 	2006-02-15 04:45:30
502	1515 Korla Way	\N	 	589	57197	 	2006-02-15 04:45:30
159	185 Novi Sad Place	\N	 	72	41778	 	2006-02-15 04:45:30
170	710 San Felipe del Progreso Avenue	\N	 	304	76901	 	2006-02-15 04:45:30
131	801 Hagonoy Drive	\N	 	484	8439	 	2006-02-15 04:45:30
312	1354 Siegen Street	\N	 	25	80184	 	2006-02-15 04:45:30
13	613 Korolev Drive	\N	 	329	45844	 	2006-02-15 04:45:30
21	270 Toulon Boulevard	\N	 	156	81766	 	2006-02-15 04:45:30
325	1892 Nabereznyje Telny Lane	\N	 	516	28396	 	2006-02-15 04:45:30
43	306 Antofagasta Place	\N	 	569	3989	 	2006-02-15 04:45:30
38	61 Tama Street	\N	 	284	94065	 	2006-02-15 04:45:30
349	1516 Escobar Drive	\N	 	370	46069	 	2006-02-15 04:45:30
347	1293 Nam Dinh Way	\N	 	84	71583	 	2006-02-15 04:45:30
86	927 Baha Blanca Parkway	\N	 	479	9495	 	2006-02-15 04:45:30
391	1793 Meixian Place	\N	 	258	33535	 	2006-02-15 04:45:30
91	1740 Portoviejo Avenue	\N	 	480	29932	 	2006-02-15 04:45:30
190	435 0 Way	\N	 	195	74750	 	2006-02-15 04:45:30
176	29 Pyongyang Loop	\N	 	58	47753	 	2006-02-15 04:45:30
375	1049 Matamoros Parkway	\N	 	191	69640	 	2006-02-15 04:45:30
175	316 Uruapan Street	\N	 	223	58194	 	2006-02-15 04:45:30
374	433 Florencia Street	\N	 	250	91330	 	2006-02-15 04:45:30
605	1325 Fukuyama Street	\N	 	537	27107	 	2006-02-15 04:45:30
506	414 Mandaluyong Street	\N	 	314	16370	 	2006-02-15 04:45:30
215	1333 Haldia Street	\N	 	174	82161	 	2006-02-15 04:45:30
326	470 Boksburg Street	\N	 	81	97960	 	2006-02-15 04:45:30
498	319 Plock Parkway	\N	 	504	26101	 	2006-02-15 04:45:30
408	990 Etawah Loop	\N	 	564	79940	 	2006-02-15 04:45:30
199	1792 Valle de la Pascua Place	\N	 	477	15540	 	2006-02-15 04:45:30
90	870 Ashqelon Loop	\N	 	489	84931	 	2006-02-15 04:45:30
16	808 Bhopal Manor	\N	 	582	10672	 	2006-02-15 04:45:30
579	521 San Juan Bautista Tuxtepec Place	\N	 	598	95093	 	2006-02-15 04:45:30
290	1336 Benin City Drive	\N	 	386	46044	 	2006-02-15 04:45:30
573	1407 Surakarta Manor	\N	 	466	33224	 	2006-02-15 04:45:30
59	1697 Kowloon and New Kowloon Loop	\N	 	49	57807	 	2006-02-15 04:45:30
546	191 Jos Azueta Parkway	\N	 	436	13629	 	2006-02-15 04:45:30
297	1192 Tongliao Street	\N	 	470	19065	 	2006-02-15 04:45:30
443	1836 Korla Parkway	\N	 	272	55405	 	2006-02-15 04:45:30
492	185 Mannheim Lane	\N	 	408	23661	 	2006-02-15 04:45:30
472	1447 Chatsworth Place	\N	 	129	41545	 	2006-02-15 04:45:30
353	381 Kabul Way	\N	 	209	87272	 	2006-02-15 04:45:30
200	1074 Binzhou Manor	\N	 	325	36490	 	2006-02-15 04:45:30
12	478 Joliet Way	\N	 	200	77948	 	2006-02-15 04:45:30
442	1245 Ibirit Way	\N	 	290	40926	 	2006-02-15 04:45:30
73	1031 Daugavpils Parkway	\N	 	63	59025	 	2006-02-15 04:45:30
255	1966 Tonghae Street	\N	 	198	36481	 	2006-02-15 04:45:30
434	1404 Taguig Drive	\N	 	547	87212	 	2006-02-15 04:45:30
583	1489 Kakamigahara Lane	\N	 	526	98883	 	2006-02-15 04:45:30
40	334 Munger (Monghyr) Lane	\N	 	31	38145	 	2006-02-15 04:45:30
563	1059 Yuncheng Avenue	\N	 	570	47498	 	2006-02-15 04:45:30
150	879 Newcastle Way	\N	 	499	90732	 	2006-02-15 04:45:30
238	346 Skikda Parkway	\N	 	233	90628	 	2006-02-15 04:45:30
487	1785 So Bernardo do Campo Street	\N	 	125	71182	 	2006-02-15 04:45:30
97	832 Nakhon Sawan Manor	\N	 	592	49021	 	2006-02-15 04:45:30
341	1920 Weifang Avenue	\N	 	427	15643	 	2006-02-15 04:45:30
196	9 San Miguel de Tucumn Manor	\N	 	169	90845	 	2006-02-15 04:45:30
256	1497 Yuzhou Drive	\N	 	312	3433	 	2006-02-15 04:45:30
15	1542 Tarlac Parkway	\N	 	440	1027	 	2006-02-15 04:45:30
343	1443 Mardan Street	\N	 	392	31483	 	2006-02-15 04:45:30
44	671 Graz Street	\N	 	353	94399	 	2006-02-15 04:45:30
480	421 Yaound Street	\N	 	385	11363	 	2006-02-15 04:45:30
276	1675 Xiangfan Manor	\N	 	283	11763	 	2006-02-15 04:45:30
315	543 Bergamo Avenue	\N	 	215	59686	 	2006-02-15 04:45:30
137	261 Saint Louis Way	\N	 	541	83401	 	2006-02-15 04:45:30
384	97 Mogiljov Lane	\N	 	73	89294	 	2006-02-15 04:45:30
570	415 Pune Avenue	\N	 	580	44274	 	2006-02-15 04:45:30
143	1029 Dzerzinsk Manor	\N	 	542	57519	 	2006-02-15 04:45:30
589	1584 Ljubertsy Lane	\N	 	494	22954	 	2006-02-15 04:45:30
6	1121 Loja Avenue	\N	 	449	17886	 	2006-02-15 04:45:30
202	955 Bamenda Way	\N	 	218	1545	 	2006-02-15 04:45:30
284	600 Bradford Street	\N	 	514	96204	 	2006-02-15 04:45:30
565	1741 Hoshiarpur Boulevard	\N	 	79	22372	 	2006-02-15 04:45:30
179	431 Xiangtan Avenue	\N	 	18	4854	 	2006-02-15 04:45:30
262	771 Yaound Manor	\N	 	64	86768	 	2006-02-15 04:45:30
475	434 Ourense (Orense) Manor	\N	 	206	14122	 	2006-02-15 04:45:30
575	1052 Pathankot Avenue	\N	 	299	77397	 	2006-02-15 04:45:30
51	686 Garland Manor	\N	 	247	52535	 	2006-02-15 04:45:30
105	733 Mandaluyong Place	\N	 	2	77459	 	2006-02-15 04:45:30
548	1658 Cuman Loop	\N	 	396	51309	 	2006-02-15 04:45:30
250	829 Grand Prairie Way	\N	 	328	6461	 	2006-02-15 04:45:30
7	692 Joliet Street	\N	 	38	83579	 	2006-02-15 04:45:30
538	1817 Livorno Way	\N	 	100	79401	 	2006-02-15 04:45:30
219	1229 Valencia Parkway	\N	 	498	99124	 	2006-02-15 04:45:30
96	984 Effon-Alaiye Avenue	\N	 	183	17119	 	2006-02-15 04:45:30
42	269 Cam Ranh Parkway	\N	 	115	34689	 	2006-02-15 04:45:30
50	46 Pjatigorsk Lane	\N	 	343	23616	 	2006-02-15 04:45:30
32	1425 Shikarpur Manor	\N	 	346	65599	 	2006-02-15 04:45:30
454	956 Nam Dinh Manor	\N	 	481	21872	 	2006-02-15 04:45:30
208	1215 Pyongyang Parkway	\N	 	557	25238	 	2006-02-15 04:45:30
259	1338 Zalantun Lane	\N	 	413	45403	 	2006-02-15 04:45:30
383	686 Donostia-San Sebastin Lane	\N	 	471	97390	 	2006-02-15 04:45:30
594	1464 Kursk Parkway	\N	 	574	17381	 	2006-02-15 04:45:30
576	1351 Sousse Lane	\N	 	341	37815	 	2006-02-15 04:45:30
206	642 Nador Drive	\N	 	77	3924	 	2006-02-15 04:45:30
182	1891 Rizhao Boulevard	\N	 	456	47288	 	2006-02-15 04:45:30
296	1936 Cuman Avenue	\N	 	433	61195	 	2006-02-15 04:45:30
181	146 Johannesburg Way	\N	 	330	54132	 	2006-02-15 04:45:30
229	1014 Loja Manor	\N	 	22	66851	 	2006-02-15 04:45:30
113	682 Junan Way	\N	 	273	30418	 	2006-02-15 04:45:30
48	1998 Halifax Drive	\N	 	308	76022	 	2006-02-15 04:45:30
47	1447 Imus Way	\N	 	167	48942	 	2006-02-15 04:45:30
350	1628 Nagareyama Lane	\N	 	453	60079	 	2006-02-15 04:45:30
564	505 Madiun Boulevard	\N	 	577	97271	 	2006-02-15 04:45:30
376	1061 Ede Avenue	\N	 	98	57810	 	2006-02-15 04:45:30
214	751 Lima Loop	\N	 	7	99405	 	2006-02-15 04:45:30
198	345 Oshawa Boulevard	\N	 	204	32114	 	2006-02-15 04:45:30
9	53 Idfu Parkway	\N	 	361	42399	 	2006-02-15 04:45:30
304	1635 Kuwana Boulevard	\N	 	205	52137	 	2006-02-15 04:45:30
491	1789 Saint-Denis Parkway	\N	 	4	8268	 	2006-02-15 04:45:30
585	1208 Tama Loop	\N	 	344	73605	 	2006-02-15 04:45:30
291	1155 Liaocheng Place	\N	 	152	22650	 	2006-02-15 04:45:30
580	923 Tangail Boulevard	\N	 	10	33384	 	2006-02-15 04:45:30
504	1 Valle de Santiago Avenue	\N	 	93	86208	 	2006-02-15 04:45:30
112	1002 Ahmadnagar Manor	\N	 	213	93026	 	2006-02-15 04:45:30
415	432 Garden Grove Street	\N	 	430	65630	 	2006-02-15 04:45:30
191	140 Chiayi Parkway	\N	 	506	38982	 	2006-02-15 04:45:30
77	1947 Poos de Caldas Boulevard	\N	 	114	60951	 	2006-02-15 04:45:30
279	1884 Shikarpur Avenue	\N	 	263	85548	 	2006-02-15 04:45:30
499	1954 Kowloon and New Kowloon Way	\N	 	434	63667	 	2006-02-15 04:45:30
425	1866 al-Qatif Avenue	\N	 	155	89420	 	2006-02-15 04:45:30
446	1924 Shimonoseki Drive	\N	 	59	52625	 	2006-02-15 04:45:30
194	605 Rio Claro Parkway	\N	 	513	49348	 	2006-02-15 04:45:30
490	1909 Dayton Avenue	\N	 	469	88513	 	2006-02-15 04:45:30
302	922 Vila Velha Loop	\N	 	9	4085	 	2006-02-15 04:45:30
141	1749 Daxian Place	\N	 	29	11044	 	2006-02-15 04:45:30
373	1922 Miraj Way	\N	 	356	13203	 	2006-02-15 04:45:30
234	1256 Bislig Boulevard	\N	 	86	50598	 	2006-02-15 04:45:30
588	966 Asuncin Way	\N	 	212	62703	 	2006-02-15 04:45:30
94	1952 Chatsworth Drive	\N	 	332	25958	 	2006-02-15 04:45:30
65	915 Ponce Place	\N	 	56	83980	 	2006-02-15 04:45:30
241	647 A Corua (La Corua) Street	\N	 	357	36971	 	2006-02-15 04:45:30
101	1599 Plock Drive	\N	 	534	71986	 	2006-02-15 04:45:30
323	1769 Iwaki Lane	\N	 	97	25787	 	2006-02-15 04:45:30
561	1497 Fengshan Drive	\N	 	112	63022	 	2006-02-15 04:45:30
83	586 Tete Way	\N	 	256	1079	 	2006-02-15 04:45:30
519	962 Tama Loop	\N	 	583	65952	 	2006-02-15 04:45:30
71	1586 Guaruj Place	\N	 	579	5135	 	2006-02-15 04:45:30
60	1668 Saint Louis Place	\N	 	397	39072	 	2006-02-15 04:45:30
523	608 Birgunj Parkway	\N	 	116	400	 	2006-02-15 04:45:30
503	1416 San Juan Bautista Tuxtepec Avenue	\N	 	444	50592	 	2006-02-15 04:45:30
305	41 El Alto Parkway	\N	 	398	56883	 	2006-02-15 04:45:30
165	97 Shimoga Avenue	\N	 	533	44660	 	2006-02-15 04:45:30
295	544 Tarsus Boulevard	\N	 	562	53145	 	2006-02-15 04:45:30
92	1942 Ciparay Parkway	\N	 	113	82624	 	2006-02-15 04:45:30
130	1666 Qomsheh Drive	\N	 	410	66255	 	2006-02-15 04:45:30
188	741 Ambattur Manor	\N	 	438	43310	 	2006-02-15 04:45:30
426	1661 Abha Drive	\N	 	416	14400	 	2006-02-15 04:45:30
474	1469 Plock Lane	\N	 	388	95835	 	2006-02-15 04:45:30
134	758 Junan Lane	\N	 	190	82639	 	2006-02-15 04:45:30
17	270 Amroha Parkway	\N	 	384	29610	 	2006-02-15 04:45:30
10	1795 Santiago de Compostela Way	\N	 	295	18743	 	2006-02-15 04:45:30
469	1872 Toulon Loop	\N	 	428	7939	 	2006-02-15 04:45:30
164	1623 Baha Blanca Manor	\N	 	310	81511	 	2006-02-15 04:45:30
423	437 Chungho Drive	\N	 	450	59489	 	2006-02-15 04:45:30
103	588 Vila Velha Manor	\N	 	268	51540	 	2006-02-15 04:45:30
264	1027 Banjul Place	\N	 	197	50390	 	2006-02-15 04:45:30
544	183 Haiphong Street	\N	 	46	69953	 	2006-02-15 04:45:30
72	57 Arlington Manor	\N	 	475	48960	 	2006-02-15 04:45:30
153	782 Mosul Street	\N	 	94	25545	 	2006-02-15 04:45:30
467	1621 Tongliao Avenue	\N	 	558	22173	 	2006-02-15 04:45:30
288	226 Halifax Street	\N	 	277	58492	 	2006-02-15 04:45:30
184	1410 Benin City Parkway	\N	 	405	29747	 	2006-02-15 04:45:30
476	270 Tambaram Parkway	\N	 	244	9668	 	2006-02-15 04:45:30
345	68 Ponce Parkway	\N	 	201	85926	 	2006-02-15 04:45:30
545	163 Augusta-Richmond County Loop	\N	 	561	33030	 	2006-02-15 04:45:30
192	1166 Changhwa Street	\N	 	62	58852	 	2006-02-15 04:45:30
460	659 Gatineau Boulevard	\N	 	153	28587	 	2006-02-15 04:45:30
19	419 Iligan Lane	\N	 	76	72878	 	2006-02-15 04:45:30
282	556 Baybay Manor	\N	 	374	55802	 	2006-02-15 04:45:30
36	176 Mandaluyong Place	\N	 	239	65213	 	2006-02-15 04:45:30
536	166 Jinchang Street	\N	 	165	86760	 	2006-02-15 04:45:30
516	1574 Goinia Boulevard	\N	 	502	39529	 	2006-02-15 04:45:30
128	848 Tafuna Manor	\N	 	281	45142	 	2006-02-15 04:45:30
406	454 Patiala Lane	\N	 	276	13496	 	2006-02-15 04:45:30
197	447 Surakarta Loop	\N	 	271	10428	 	2006-02-15 04:45:30
556	346 Cam Ranh Avenue	\N	 	599	39976	 	2006-02-15 04:45:30
249	300 Junan Street	\N	 	553	81314	 	2006-02-15 04:45:30
310	913 Coacalco de Berriozbal Loop	\N	 	33	42141	 	2006-02-15 04:45:30
395	1337 Mit Ghamr Avenue	\N	 	358	29810	 	2006-02-15 04:45:30
358	1698 Southport Loop	\N	 	393	49009	 	2006-02-15 04:45:30
530	1003 Qinhuangdao Street	\N	 	419	25972	 	2006-02-15 04:45:30
161	1386 Nakhon Sawan Boulevard	\N	 	420	53502	 	2006-02-15 04:45:30
274	920 Kumbakonam Loop	\N	 	446	75090	 	2006-02-15 04:45:30
124	241 Mosul Lane	\N	 	147	76157	 	2006-02-15 04:45:30
58	1964 Allappuzha (Alleppey) Street	\N	 	227	48980	 	2006-02-15 04:45:30
70	1150 Kimchon Manor	\N	 	321	96109	 	2006-02-15 04:45:30
109	454 Nakhon Sawan Boulevard	\N	 	173	76383	 	2006-02-15 04:45:30
275	906 Goinia Way	\N	 	255	83565	 	2006-02-15 04:45:30
280	1980 Kamjanets-Podilskyi Street	\N	 	404	89502	 	2006-02-15 04:45:30
212	624 Oshawa Boulevard	\N	 	51	89959	 	2006-02-15 04:45:30
34	1668 Anpolis Street	\N	 	316	50199	 	2006-02-15 04:45:30
577	1501 Pangkal Pinang Avenue	\N	 	409	943	 	2006-02-15 04:45:30
299	32 Pudukkottai Lane	\N	 	140	38834	 	2006-02-15 04:45:30
559	1917 Kumbakonam Parkway	\N	 	368	11892	 	2006-02-15 04:45:30
272	1762 Paarl Parkway	\N	 	298	53928	 	2006-02-15 04:45:30
313	1191 Sungai Petani Boulevard	\N	 	262	9668	 	2006-02-15 04:45:30
53	725 Isesaki Place	\N	 	237	74428	 	2006-02-15 04:45:30
317	780 Kimberley Way	\N	 	515	17032	 	2006-02-15 04:45:30
378	1191 Tandil Drive	\N	 	523	6362	 	2006-02-15 04:45:30
278	144 South Hill Loop	\N	 	445	2012	 	2006-02-15 04:45:30
389	500 Lincoln Parkway	\N	 	210	95509	 	2006-02-15 04:45:30
468	1844 Usak Avenue	\N	 	196	84461	 	2006-02-15 04:45:30
54	115 Hidalgo Parkway	\N	 	379	80168	 	2006-02-15 04:45:30
258	752 Ondo Loop	\N	 	338	32474	 	2006-02-15 04:45:30
344	1909 Benguela Lane	\N	 	581	19913	 	2006-02-15 04:45:30
172	475 Atinsk Way	\N	 	240	59571	 	2006-02-15 04:45:30
521	568 Dhule (Dhulia) Loop	\N	 	127	92568	 	2006-02-15 04:45:30
195	1077 San Felipe de Puerto Plata Place	\N	 	369	65387	 	2006-02-15 04:45:30
244	1148 Saarbrcken Parkway	\N	 	226	1921	 	2006-02-15 04:45:30
369	817 Laredo Avenue	\N	 	188	77449	 	2006-02-15 04:45:30
582	1568 Celaya Parkway	\N	 	168	34750	 	2006-02-15 04:45:30
269	446 Kirovo-Tepetsk Lane	\N	 	203	19428	 	2006-02-15 04:45:30
23	1417 Lancaster Avenue	\N	 	267	72192	 	2006-02-15 04:45:30
119	1107 Nakhon Sawan Avenue	\N	 	365	75149	 	2006-02-15 04:45:30
381	1618 Olomouc Manor	\N	 	285	26385	 	2006-02-15 04:45:30
185	682 Garden Grove Place	\N	 	333	67497	 	2006-02-15 04:45:30
557	1407 Pachuca de Soto Place	\N	 	21	26284	 	2006-02-15 04:45:30
157	456 Escobar Way	\N	 	232	36061	 	2006-02-15 04:45:30
528	1176 Southend-on-Sea Manor	\N	 	458	81651	 	2006-02-15 04:45:30
512	1269 Ipoh Avenue	\N	 	163	54674	 	2006-02-15 04:45:30
309	827 Yuncheng Drive	\N	 	99	79047	 	2006-02-15 04:45:30
308	687 Alessandria Parkway	\N	 	455	57587	 	2006-02-15 04:45:30
271	1587 Loja Manor	\N	 	447	5410	 	2006-02-15 04:45:30
574	502 Mandi Bahauddin Parkway	\N	 	55	15992	 	2006-02-15 04:45:30
69	698 Otsu Street	\N	 	105	71110	 	2006-02-15 04:45:30
183	1089 Iwatsuki Avenue	\N	 	270	35109	 	2006-02-15 04:45:30
520	1778 Gijn Manor	\N	 	594	35156	 	2006-02-15 04:45:30
593	1402 Zanzibar Boulevard	\N	 	106	71102	 	2006-02-15 04:45:30
87	929 Tallahassee Loop	\N	 	497	74671	 	2006-02-15 04:45:30
551	182 Nukualofa Drive	\N	 	275	15414	 	2006-02-15 04:45:30
4	1411 Lillydale Drive	\N	 	576	\N	 	2006-02-15 04:45:30
352	1673 Tangail Drive	\N	 	137	26857	 	2006-02-15 04:45:30
400	1152 Citrus Heights Manor	\N	 	15	5239	 	2006-02-15 04:45:30
260	127 Iwakuni Boulevard	\N	 	192	20777	 	2006-02-15 04:45:30
18	770 Bydgoszcz Avenue	\N	 	120	16266	 	2006-02-15 04:45:30
66	1717 Guadalajara Lane	\N	 	441	85505	 	2006-02-15 04:45:30
154	781 Shimonoseki Drive	\N	 	202	95444	 	2006-02-15 04:45:30
117	1079 Tel Aviv-Jaffa Boulevard	\N	 	132	10885	 	2006-02-15 04:45:30
477	1786 Salinas Place	\N	 	359	66546	 	2006-02-15 04:45:30
602	1101 Bucuresti Boulevard	\N	 	401	97661	 	2006-02-15 04:45:30
430	355 Vitria de Santo Anto Way	\N	 	452	81758	 	2006-02-15 04:45:30
254	786 Stara Zagora Way	\N	 	390	98332	 	2006-02-15 04:45:30
331	1016 Iwakuni Street	\N	 	269	49833	 	2006-02-15 04:45:30
382	220 Hidalgo Drive	\N	 	265	45298	 	2006-02-15 04:45:30
356	1378 Beira Loop	\N	 	597	40792	 	2006-02-15 04:45:30
220	1201 Qomsheh Manor	\N	 	28	21464	 	2006-02-15 04:45:30
30	18 Duisburg Boulevard	\N	 	121	58327	 	2006-02-15 04:45:30
405	530 Lausanne Lane	\N	 	135	11067	 	2006-02-15 04:45:30
177	1010 Klerksdorp Way	\N	 	186	6802	 	2006-02-15 04:45:30
68	1966 Amroha Avenue	\N	 	139	70385	 	2006-02-15 04:45:30
57	17 Kabul Boulevard	\N	 	355	38594	 	2006-02-15 04:45:30
186	533 al-Ayn Boulevard	\N	 	126	8862	 	2006-02-15 04:45:30
441	983 Santa F Way	\N	 	565	47472	 	2006-02-15 04:45:30
431	1596 Acua Parkway	\N	 	418	70425	 	2006-02-15 04:45:30
169	154 Tallahassee Loop	\N	 	199	62250	 	2006-02-15 04:45:30
380	1519 Santiago de los Caballeros Loop	\N	 	348	22025	 	2006-02-15 04:45:30
493	184 Mandaluyong Street	\N	 	288	94239	 	2006-02-15 04:45:30
447	105 Dzerzinsk Manor	\N	 	540	48570	 	2006-02-15 04:45:30
138	765 Southampton Drive	\N	 	421	4285	 	2006-02-15 04:45:30
88	125 Citt del Vaticano Boulevard	\N	 	40	67912	 	2006-02-15 04:45:30
314	1224 Huejutla de Reyes Boulevard	\N	 	91	70923	 	2006-02-15 04:45:30
362	482 Kowloon and New Kowloon Manor	\N	 	90	97056	 	2006-02-15 04:45:30
100	1308 Arecibo Way	\N	 	41	30695	 	2006-02-15 04:45:30
163	1440 Compton Place	\N	 	307	81037	 	2006-02-15 04:45:30
396	767 Pyongyang Drive	\N	 	229	83536	 	2006-02-15 04:45:30
129	569 Baicheng Lane	\N	 	85	60304	 	2006-02-15 04:45:30
37	127 Purnea (Purnia) Manor	\N	 	17	79388	 	2006-02-15 04:45:30
99	1697 Tanauan Lane	\N	 	399	22870	 	2006-02-15 04:45:30
267	816 Cayenne Parkway	\N	 	414	93629	 	2006-02-15 04:45:30
210	1304 s-Hertogenbosch Way	\N	 	83	10925	 	2006-02-15 04:45:30
445	495 Bhimavaram Lane	\N	 	144	3	 	2006-02-15 04:45:30
266	862 Xintai Lane	\N	 	548	30065	 	2006-02-15 04:45:30
261	51 Laredo Avenue	\N	 	342	68146	 	2006-02-15 04:45:30
287	1405 Chisinau Place	\N	 	411	8160	 	2006-02-15 04:45:30
173	1294 Firozabad Drive	\N	 	407	70618	 	2006-02-15 04:45:30
388	368 Hunuco Boulevard	\N	 	360	17165	 	2006-02-15 04:45:30
217	1001 Miyakonojo Lane	\N	 	518	67924	 	2006-02-15 04:45:30
235	954 Kimchon Place	\N	 	559	42420	 	2006-02-15 04:45:30
156	1963 Moscow Place	\N	 	354	64863	 	2006-02-15 04:45:30
294	1912 Allende Manor	\N	 	279	58124	 	2006-02-15 04:45:30
75	492 Cam Ranh Street	\N	 	61	50805	 	2006-02-15 04:45:30
207	1688 Nador Lane	\N	 	184	61613	 	2006-02-15 04:45:30
84	1888 Kabul Drive	\N	 	217	20936	 	2006-02-15 04:45:30
420	992 Klerksdorp Loop	\N	 	23	33711	 	2006-02-15 04:45:30
333	1860 Taguig Loop	\N	 	119	59550	 	2006-02-15 04:45:30
459	251 Florencia Drive	\N	 	556	16119	 	2006-02-15 04:45:30
485	984 Novoterkassk Loop	\N	 	180	28165	 	2006-02-15 04:45:30
334	1816 Bydgoszcz Loop	\N	 	234	64308	 	2006-02-15 04:45:30
505	519 Brescia Parkway	\N	 	318	69504	 	2006-02-15 04:45:30
440	722 Bradford Lane	\N	 	249	90920	 	2006-02-15 04:45:30
63	1213 Ranchi Parkway	\N	 	350	94352	 	2006-02-15 04:45:30
522	1768 Udine Loop	\N	 	60	32347	 	2006-02-15 04:45:30
354	953 Hodeida Street	\N	 	221	18841	 	2006-02-15 04:45:30
230	201 Effon-Alaiye Way	\N	 	37	64344	 	2006-02-15 04:45:30
386	1368 Maracabo Boulevard	\N	 	493	32716	 	2006-02-15 04:45:30
67	1214 Hanoi Way	\N	 	306	67055	 	2006-02-15 04:45:30
448	614 Denizli Parkway	\N	 	486	29444	 	2006-02-15 04:45:30
168	842 Salzburg Lane	\N	 	529	3313	 	2006-02-15 04:45:30
495	656 Matamoros Drive	\N	 	487	19489	 	2006-02-15 04:45:30
211	850 Salala Loop	\N	 	371	10800	 	2006-02-15 04:45:30
597	32 Liaocheng Way	\N	 	248	1944	 	2006-02-15 04:45:30
416	1445 Carmen Parkway	\N	 	117	70809	 	2006-02-15 04:45:30
413	692 Amroha Drive	\N	 	230	35575	 	2006-02-15 04:45:30
462	1485 Bratislava Place	\N	 	435	83183	 	2006-02-15 04:45:30
27	1780 Hino Boulevard	\N	 	303	7716	 	2006-02-15 04:45:30
151	1337 Lincoln Parkway	\N	 	555	99457	 	2006-02-15 04:45:30
515	886 Tonghae Place	\N	 	259	19450	 	2006-02-15 04:45:30
507	1197 Sokoto Boulevard	\N	 	478	87687	 	2006-02-15 04:45:30
79	1551 Rampur Lane	\N	 	108	72394	 	2006-02-15 04:45:30
248	582 Papeete Loop	\N	 	294	27722	 	2006-02-15 04:45:30
361	45 Aparecida de Goinia Place	\N	 	464	7431	 	2006-02-15 04:45:30
346	1217 Konotop Avenue	\N	 	151	504	 	2006-02-15 04:45:30
596	1759 Niznekamsk Avenue	\N	 	14	39414	 	2006-02-15 04:45:30
2	28 MySQL Boulevard	\N	 	576	\N	 	2006-02-15 04:45:30
240	1479 Rustenburg Boulevard	\N	 	527	18727	 	2006-02-15 04:45:30
216	660 Jedda Boulevard	\N	 	65	25053	 	2006-02-15 04:45:30
174	1877 Ezhou Lane	\N	 	550	63337	 	2006-02-15 04:45:30
514	1747 Rustenburg Place	\N	 	110	51369	 	2006-02-15 04:45:30
436	287 Cuautla Boulevard	\N	 	501	72736	 	2006-02-15 04:45:30
330	981 Kumbakonam Place	\N	 	89	87611	 	2006-02-15 04:45:30
122	333 Goinia Way	\N	 	185	78625	 	2006-02-15 04:45:30
8	1566 Inegl Manor	\N	 	349	53561	 	2006-02-15 04:45:30
209	1679 Antofagasta Street	\N	 	122	86599	 	2006-02-15 04:45:30
562	869 Shikarpur Way	\N	 	496	57380	 	2006-02-15 04:45:30
145	928 Jaffna Loop	\N	 	172	93762	 	2006-02-15 04:45:30
412	1639 Saarbrcken Drive	\N	 	437	9827	 	2006-02-15 04:45:30
132	1050 Garden Grove Avenue	\N	 	236	4999	 	2006-02-15 04:45:30
366	114 Jalib al-Shuyukh Manor	\N	 	585	60440	 	2006-02-15 04:45:30
289	1279 Udine Parkway	\N	 	69	75860	 	2006-02-15 04:45:30
401	168 Cianjur Manor	\N	 	228	73824	 	2006-02-15 04:45:30
450	203 Tambaram Street	\N	 	161	73942	 	2006-02-15 04:45:30
324	1145 Vilnius Manor	\N	 	451	73170	 	2006-02-15 04:45:30
292	1993 Tabuk Lane	\N	 	522	64221	 	2006-02-15 04:45:30
221	866 Shivapuri Manor	\N	 	448	22474	 	2006-02-15 04:45:30
497	1013 Tabuk Boulevard	\N	 	261	96203	 	2006-02-15 04:45:30
501	1060 Tandil Lane	\N	 	432	72349	 	2006-02-15 04:45:30
281	1944 Bamenda Way	\N	 	573	24645	 	2006-02-15 04:45:30
549	454 Qinhuangdao Drive	\N	 	68	25866	 	2006-02-15 04:45:30
225	1926 Gingoog Street	\N	 	511	22824	 	2006-02-15 04:45:30
204	387 Mwene-Ditu Drive	\N	 	35	8073	 	2006-02-15 04:45:30
473	1257 Guadalajara Street	\N	 	78	33599	 	2006-02-15 04:45:30
46	1632 Bislig Avenue	\N	 	394	61117	 	2006-02-15 04:45:30
104	1913 Kamakura Place	\N	 	238	97287	 	2006-02-15 04:45:30
80	602 Paarl Street	\N	 	402	98889	 	2006-02-15 04:45:30
301	951 Stara Zagora Manor	\N	 	400	98573	 	2006-02-15 04:45:30
14	1531 Sal Drive	\N	 	162	53628	 	2006-02-15 04:45:30
533	556 Asuncin Way	\N	 	339	35364	 	2006-02-15 04:45:30
35	33 Gorontalo Way	\N	 	257	30348	 	2006-02-15 04:45:30
270	682 Halisahar Place	\N	 	378	20536	 	2006-02-15 04:45:30
56	939 Probolinggo Loop	\N	 	1	4166	 	2006-02-15 04:45:30
452	207 Cuernavaca Loop	\N	 	352	52671	 	2006-02-15 04:45:30
601	844 Bucuresti Place	\N	 	242	36603	 	2006-02-15 04:45:30
486	64 Korla Street	\N	 	347	25145	 	2006-02-15 04:45:30
586	951 Springs Lane	\N	 	219	96115	 	2006-02-15 04:45:30
584	1819 Alessandria Loop	\N	 	103	53829	 	2006-02-15 04:45:30
390	102 Chapra Drive	\N	 	521	14073	 	2006-02-15 04:45:30
111	1532 Dzerzinsk Way	\N	 	334	9599	 	2006-02-15 04:45:30
93	1926 El Alto Avenue	\N	 	289	75543	 	2006-02-15 04:45:30
338	431 Szkesfehrvr Avenue	\N	 	48	57828	 	2006-02-15 04:45:30
402	616 Hagonoy Avenue	\N	 	39	46043	 	2006-02-15 04:45:30
223	1244 Allappuzha (Alleppey) Place	\N	 	567	20657	 	2006-02-15 04:45:30
246	1246 Boksburg Parkway	\N	 	422	28349	 	2006-02-15 04:45:30
22	320 Brest Avenue	\N	 	252	43331	 	2006-02-15 04:45:30
529	600 Purnea (Purnia) Avenue	\N	 	571	18043	 	2006-02-15 04:45:30
120	544 Malm Parkway	\N	 	403	63502	 	2006-02-15 04:45:30
24	1688 Okara Way	\N	 	327	21954	 	2006-02-15 04:45:30
245	1103 Bilbays Parkway	\N	 	578	87660	 	2006-02-15 04:45:30
449	1289 Belm Boulevard	\N	 	530	88306	 	2006-02-15 04:45:30
357	1641 Changhwa Place	\N	 	52	37636	 	2006-02-15 04:45:30
494	591 Sungai Petani Drive	\N	 	376	46400	 	2006-02-15 04:45:30
247	1483 Pathankot Street	\N	 	454	37288	 	2006-02-15 04:45:30
364	1623 Kingstown Drive	\N	 	20	91299	 	2006-02-15 04:45:30
127	117 Boa Vista Way	\N	 	566	6804	 	2006-02-15 04:45:30
193	891 Novi Sad Manor	\N	 	383	5379	 	2006-02-15 04:45:30
541	195 Ilorin Street	\N	 	363	49250	 	2006-02-15 04:45:30
466	118 Jaffna Loop	\N	 	182	10447	 	2006-02-15 04:45:30
591	773 Dallas Manor	\N	 	424	12664	 	2006-02-15 04:45:30
26	28 Charlotte Amalie Street	\N	 	443	37551	 	2006-02-15 04:45:30
237	1736 Cavite Place	\N	 	216	98775	 	2006-02-15 04:45:30
82	936 Salzburg Lane	\N	 	425	96709	 	2006-02-15 04:45:30
457	535 Ahmadnagar Manor	\N	 	3	41136	 	2006-02-15 04:45:30
158	798 Cianjur Avenue	\N	 	590	76990	 	2006-02-15 04:45:30
114	804 Elista Drive	\N	 	159	61069	 	2006-02-15 04:45:30
39	391 Callao Drive	\N	 	544	34021	 	2006-02-15 04:45:30
118	442 Rae Bareli Place	\N	 	148	24321	 	2006-02-15 04:45:30
293	86 Higashiosaka Lane	\N	 	563	33768	 	2006-02-15 04:45:30
422	289 Santo Andr Manor	\N	 	16	72410	 	2006-02-15 04:45:30
251	1473 Changhwa Parkway	\N	 	124	75933	 	2006-02-15 04:45:30
403	1190 0 Place	\N	 	44	10417	 	2006-02-15 04:45:30
342	124 al-Manama Way	\N	 	382	52368	 	2006-02-15 04:45:30
62	1114 Liepaja Street	\N	 	282	69226	 	2006-02-15 04:45:30
187	1839 Szkesfehrvr Parkway	\N	 	317	55709	 	2006-02-15 04:45:30
147	374 Bat Yam Boulevard	\N	 	266	97700	 	2006-02-15 04:45:30
377	154 Oshawa Manor	\N	 	415	72771	 	2006-02-15 04:45:30
28	96 Tafuna Way	\N	 	128	99865	 	2006-02-15 04:45:30
213	43 Dadu Avenue	\N	 	74	4855	 	2006-02-15 04:45:30
560	1447 Imus Place	\N	 	426	12905	 	2006-02-15 04:45:30
471	1322 Mosul Parkway	\N	 	145	95400	 	2006-02-15 04:45:30
74	1124 Buenaventura Drive	\N	 	13	6856	 	2006-02-15 04:45:30
298	44 Najafabad Way	\N	 	146	61391	 	2006-02-15 04:45:30
461	1889 Valparai Way	\N	 	600	75559	 	2006-02-15 04:45:30
524	680 A Corua (La Corua) Manor	\N	 	482	49806	 	2006-02-15 04:45:30
379	1133 Rizhao Avenue	\N	 	572	2800	 	2006-02-15 04:45:30
587	760 Miyakonojo Drive	\N	 	246	64682	 	2006-02-15 04:45:30
33	786 Aurora Avenue	\N	 	474	65750	 	2006-02-15 04:45:30
464	76 Kermanshah Manor	\N	 	423	23343	 	2006-02-15 04:45:30
558	904 Clarksville Drive	\N	 	193	52234	 	2006-02-15 04:45:30
433	1823 Hoshiarpur Lane	\N	 	510	33191	 	2006-02-15 04:45:30
327	1427 A Corua (La Corua) Place	\N	 	45	85799	 	2006-02-15 04:45:30
527	1993 0 Loop	\N	 	588	41214	 	2006-02-15 04:45:30
482	808 Naala-Porto Parkway	\N	 	500	41060	 	2006-02-15 04:45:30
456	814 Simferopol Loop	\N	 	154	48745	 	2006-02-15 04:45:30
393	717 Changzhou Lane	\N	 	104	21615	 	2006-02-15 04:45:30
387	401 Sucre Boulevard	\N	 	322	25007	 	2006-02-15 04:45:30
316	746 Joliet Lane	\N	 	286	94878	 	2006-02-15 04:45:30
203	1149 A Corua (La Corua) Boulevard	\N	 	194	95824	 	2006-02-15 04:45:30
428	1727 Matamoros Place	\N	 	465	78813	 	2006-02-15 04:45:30
286	1308 Sumy Loop	\N	 	175	30657	 	2006-02-15 04:45:30
227	1820 Maring Parkway	\N	 	324	88307	 	2006-02-15 04:45:30
31	217 Botshabelo Place	\N	 	138	49521	 	2006-02-15 04:45:30
547	379 Lublin Parkway	\N	 	309	74568	 	2006-02-15 04:45:30
167	1287 Xiangfan Boulevard	\N	 	253	57844	 	2006-02-15 04:45:30
371	1912 Emeishan Drive	\N	 	50	33050	 	2006-02-15 04:45:30
125	211 Chiayi Drive	\N	 	164	58186	 	2006-02-15 04:45:30
133	1854 Tieli Street	\N	 	302	15819	 	2006-02-15 04:45:30
404	734 Bchar Place	\N	 	375	30586	 	2006-02-15 04:45:30
337	1838 Tabriz Lane	\N	 	143	1195	 	2006-02-15 04:45:30
370	1565 Tangail Manor	\N	 	377	45750	 	2006-02-15 04:45:30
372	230 Urawa Drive	\N	 	8	2738	 	2006-02-15 04:45:30
535	635 Brest Manor	\N	 	75	40899	 	2006-02-15 04:45:30
76	89 Allappuzha (Alleppey) Manor	\N	 	517	75444	 	2006-02-15 04:45:30
146	483 Ljubertsy Parkway	\N	 	149	60562	 	2006-02-15 04:45:30
155	1560 Jelets Boulevard	\N	 	291	77777	 	2006-02-15 04:45:30
110	1867 San Juan Bautista Tuxtepec Avenue	\N	 	225	78311	 	2006-02-15 04:45:30
108	1386 Yangor Avenue	\N	 	543	80720	 	2006-02-15 04:45:30
363	604 Bern Place	\N	 	429	5373	 	2006-02-15 04:45:30
139	943 Johannesburg Avenue	\N	 	417	5892	 	2006-02-15 04:45:30
531	1986 Sivas Place	\N	 	551	95775	 	2006-02-15 04:45:30
300	661 Chisinau Lane	\N	 	274	8856	 	2006-02-15 04:45:30
85	320 Baiyin Parkway	\N	 	319	37307	 	2006-02-15 04:45:30
162	369 Papeete Way	\N	 	187	66639	 	2006-02-15 04:45:30
205	68 Molodetno Manor	\N	 	575	4662	 	2006-02-15 04:45:30
201	817 Bradford Loop	\N	 	109	89459	 	2006-02-15 04:45:30
542	193 Bhusawal Place	\N	 	539	9750	 	2006-02-15 04:45:30
106	659 Vaduz Drive	\N	 	34	49708	 	2006-02-15 04:45:30
394	753 Ilorin Avenue	\N	 	157	3656	 	2006-02-15 04:45:30
180	757 Rustenburg Avenue	\N	 	483	89668	 	2006-02-15 04:45:30
411	264 Bhimavaram Manor	\N	 	111	54749	 	2006-02-15 04:45:30
496	775 ostka Drive	\N	 	337	22358	 	2006-02-15 04:45:30
121	1967 Sincelejo Place	\N	 	176	73644	 	2006-02-15 04:45:30
222	1168 Najafabad Parkway	\N	 	251	40301	 	2006-02-15 04:45:30
252	1309 Weifang Street	\N	 	520	57338	 	2006-02-15 04:45:30
253	1760 Oshawa Manor	\N	 	535	38140	 	2006-02-15 04:45:30
534	486 Ondo Parkway	\N	 	67	35202	 	2006-02-15 04:45:30
603	1103 Quilmes Boulevard	\N	 	503	52137	 	2006-02-15 04:45:30
484	98 Pyongyang Boulevard	\N	 	11	88749	 	2006-02-15 04:45:30
95	1370 Le Mans Avenue	\N	 	53	52163	 	2006-02-15 04:45:30
218	226 Brest Manor	\N	 	508	2299	 	2006-02-15 04:45:30
439	1351 Aparecida de Goinia Parkway	\N	 	391	41775	 	2006-02-15 04:45:30
306	1883 Maikop Lane	\N	 	254	68469	 	2006-02-15 04:45:30
592	1923 Stara Zagora Lane	\N	 	546	95179	 	2006-02-15 04:45:30
368	1658 Jastrzebie-Zdrj Loop	\N	 	372	96584	 	2006-02-15 04:45:30
360	619 Hunuco Avenue	\N	 	331	81508	 	2006-02-15 04:45:30
424	1948 Bayugan Parkway	\N	 	264	60622	 	2006-02-15 04:45:30
236	885 Yingkou Manor	\N	 	596	31390	 	2006-02-15 04:45:30
3	23 Workhaven Lane	\N	 	300	\N	 	2006-02-15 04:45:30
329	867 Benin City Avenue	\N	 	591	78543	 	2006-02-15 04:45:30
543	43 Vilnius Manor	\N	 	42	79814	 	2006-02-15 04:45:30
537	958 Sagamihara Lane	\N	 	287	88408	 	2006-02-15 04:45:30
25	262 A Corua (La Corua) Parkway	\N	 	525	34418	 	2006-02-15 04:45:30
166	1740 Le Mans Loop	\N	 	297	22853	 	2006-02-15 04:45:30
581	186 Skikda Lane	\N	 	131	89422	 	2006-02-15 04:45:30
571	1746 Faaa Way	\N	 	214	32515	 	2006-02-15 04:45:30
455	1947 Paarl Way	\N	 	509	23636	 	2006-02-15 04:45:30
20	360 Toulouse Parkway	\N	 	495	54308	 	2006-02-15 04:45:30
511	1152 al-Qatif Lane	\N	 	412	44816	 	2006-02-15 04:45:30
160	1367 Yantai Manor	\N	 	381	21294	 	2006-02-15 04:45:30
481	1153 Allende Way	\N	 	179	20336	 	2006-02-15 04:45:30
